2	1	0.5	0.001957992863286462	0.0023868160673308214	0	0.0006852949991789092	0.0026737379802617145	0
2	1	0.5	0.0016958793919201742	0.0017696707964331981	0	-0.011735096382820331	0.00018793616053258688	0.02374888825833874
2	1	0.5	0.0006857057317641857	0.0007885196967101216	0	-0.009112409293541623	-0.0009284181443312001	0.01839241782621181
2	1	0.5	0.0004968057597622977	0.0005410064637194623	0	-0.009558441515629568	-0.0006266906623637603	0.01930137408664153
2	1	0.5	0.011114958287235188	0.011453744018588896	0	-0.013040362899646607	-0.011391967382536894	0.0264253215824649
2	1	0.5	0.009079729157494887	0.009453306849945609	0	0.007168947418569882	0.008805721891091967	0
2	1	0.5	0.002847410697732311	0.0032062429641905865	0	0.0020128685543048253	0.0034418256608232944	0
2	1	0.5	0.004387930891198932	0.004832830884009542	0	-0.00408815115106298	0.006188267439523276	0.00820986547310671
2	1	0.5	0.011993425555472559	0.012207943829799506	0	-0.01840772781096922	-0.012267126481650736	0.037505853158193624
2	1	0.5	0.007997745064083794	0.008833586246022707	0	-0.022332270223036965	-0.01011162537556487	0.04568478541913305
4	2	0.5	0.007504760920796105	0.018190825820555645	0	-0.025550935973148614	-0.009986899395877935	0.0754944691075316
4	2	0.5	0.012783151953544847	0.016272645986053602	0.00008770987971109215	-0.014181616204861469	-0.0002849160069726686	0.03957982115527953
4	2	0.5	0.009364306463801153	0.019113184284282214	0	-0.010263324262373863	0.0046629285517942876	0.02421253348701147
4	2	0.5	0.011499708935326813	0.01733296902655379	0.004311285323202268	-0.022034585425120934	0.00277602334283511	0.04851690940423242
4	2	0.5	0.0068391187129615005	0.011363051703955573	0.01657573449438643	-0.010148084115141787	0.008632119276006822	0.019661110755212232
4	2	0.5	0.007402191542712266	0.014660341163159396	0.0024490261597660493	-0.022439810348467315	-0.005352360354497598	0.047884457395953116
4	2	0.5	0.00861496962219066	0.011556284793684757	0.006561850137409447	-0.012299773154923366	0.0004943438952973445	0.023366137736760075
4	2	0.5	0.009695806756665482	0.02165337865191308	0.0018093272687739388	-0.020416381335371603	-0.011297816004754768	0.054971468388741944
4	2	0.5	0.010638293468744786	0.017402918065961615	0.009551312502318667	-0.029486683756343668	-0.0061297080065463305	0.061151814158256906
4	2	0.5	0.005152265407305956	0.01030335512721714	0.01267726559237137	-0.024571074048009955	-0.006275487644967326	0.05660176504867111
8	3	0.5	0.005079696087530117	0.021314995908384482	0.019496153277198527	-0.022368112397860074	-0.0016897879513284586	0.07851690558866202
8	3	0.5	0.01083342388503139	0.02678968447869523	0.030243288123607978	-0.02675051791424965	-0.005252093332493435	0.08020196371784011
8	3	0.5	0.013742507324080444	0.04168794059362724	0.03675049366364209	-0.058663866846678014	-0.010213068481795706	0.13031641244141692
8	3	0.5	0.005130860847121221	0.023068409999400075	0.02578471289873443	-0.0301007441340575	0.0078079516770064306	0.05824236726537953
8	3	0.5	0.006667860687356475	0.02195991582165746	0.02849134053690757	-0.07789246938536498	-0.01109599140711992	0.14428754814846184
8	3	0.5	0.010175532213411387	0.02735062000831512	0.048051564797109855	-0.0631742641435703	-0.003129859962460735	0.12407932048721822
8	3	0.5	0.007901164539833028	0.02415207219650073	0.044464730717645756	-0.05246328384074117	-0.011403297219221287	0.14166042102199325
8	3	0.5	0.010026239976477225	0.021229387975866043	0.043573936015534685	-0.03274014779632439	-0.0056986348269342235	0.08699750534773273
8	3	0.5	0.012831808879694817	0.026562141696379493	0.030852719278658937	-0.03929429887806857	-0.004746491927339558	0.07434979272267979
8	3	0.5	0.008211481445942415	0.026399107593745974	0.03204806152398158	-0.049858236615635265	-0.009850524375281	0.08512660464783726
16	4	0.5	0.017271960340939696	0.04881948902083155	0.05867023751977516	-0.08660936154224785	-0.008656498103348564	0.17384689726824723
16	4	0.5	0.007232354402020524	0.03979594140605247	0.0951949875176832	-0.12879038965344758	-0.014809752057502679	0.24855607904526403
16	4	0.5	0.019911640813713216	0.04677938203825249	0.1337433258039957	-0.055050122224016285	0.017767252969826952	0.1297676365962206
16	4	0.5	0.01091937070652138	0.04211799997161658	0.05531216580514491	-0.06600758834966525	0.0074440544972314004	0.1417462529718607
16	4	0.5	0.013281120096229504	0.04307331905853928	0.06793910771128515	-0.09619707381814735	-0.005296570530322731	0.16306394370017618
16	4	0.5	0.01990454524773555	0.04543039614724309	0.050439712249906746	-0.043484374413853666	0.008708877595468456	0.11674348421618286
16	4	0.5	0.013236774820829078	0.035329843062737565	0.07764934026406607	-0.06137722607026219	0.0008379342584690086	0.16338715949797483
16	4	0.5	0.009168735749969903	0.03485347043162457	0.05621359441775803	-0.06477049398520651	0.0023925674017433174	0.12812541321595639
16	4	0.5	0.013489118555189528	0.043310243195974873	0.09923097235607549	-0.03631470730432862	-0.0011511076989847435	0.10477661211137683
16	4	0.5	0.005705480112775829	0.03247543514270457	0.07368923390095337	-0.06550185070646963	0.0008800031516418283	0.13286128813754608
32	5	0.5	0.01823829996643478	0.07300303562851673	0.09723319984228343	-0.13004157096791757	-0.0033534103510682867	0.28084237555004105
32	5	0.5	0.030764731025988423	0.07922128844207732	0.14750178667129735	-0.13377727551276153	-0.005301372113251324	0.4193034897469129
32	5	0.5	0.018041123511467028	0.06741488754926528	0.16545756435412184	-0.10399683042790442	0.003253652954047448	0.2865994018311191
32	5	0.5	0.018940478784273074	0.0645792660585589	0.13046779243428205	-0.12805293327948075	0.0018969089057754296	0.3374246917154018
32	5	0.5	0.012144860464879281	0.07002406786485516	0.1371842413454175	-0.11681784630079939	0.0057138394148845695	0.2211002979545145
32	5	0.5	0.030988984331181912	0.06959049744286827	0.24527312429422693	-0.1299625575276787	-0.00038724266071643587	0.3062052222165058
32	5	0.5	0.021632767817096443	0.06650388304953436	0.19957139660722123	-0.12331233812226905	-0.011041208458639762	0.2509133976234457
32	5	0.5	0.015378391025566707	0.06806167335566427	0.16572138181682117	-0.07143727219220353	0.012937346405759609	0.2455540413375543
32	5	0.5	0.02085846672791014	0.07558527154671824	0.12313095865989315	-0.146699676021113	-0.014400972046634042	0.37327442490448653
32	5	0.5	0.016159151696591323	0.06930338715798379	0.1232755059886951	-0.1413495273822023	-0.0015307846059959829	0.24454007191874727
64	6	0.5	0.031975695486368805	0.10344318712363654	0.32802769678328486	-0.19909111183259554	0.0013412228462257314	0.5287563108348174
64	6	0.5	0.03607951612771365	0.10278512864206601	0.2827081174599546	-0.15438215622217855	0.019030615422801045	0.41066766657080417
64	6	0.5	0.017794053541630328	0.10333128007706094	0.269106944060197	-0.15722781906817307	0.016013198619106772	0.43878211902370545
64	6	0.5	0.031311026597435676	0.10594688146413977	0.20642309287181643	-0.17528049805875145	0.005951572847740172	0.49824243851484634
64	6	0.5	0.02204042437810405	0.10094682559288626	0.24009022767110041	-0.24202010608099744	-0.0213422467089458	0.5319896346206728
64	6	0.5	0.03719393711127261	0.11366510968718502	0.24954484960918075	-0.1623711862648345	0.010363768242972027	0.41519488157384177
64	6	0.5	0.023808865142735725	0.11029650479215669	0.26115546720591354	-0.2024358086913528	-0.002569737404018335	0.5459941257842942
64	6	0.5	0.03209782018498131	0.10878926996595606	0.2851648591776569	-0.24449711348717584	-0.0007925863855144932	0.6338235835776532
64	6	0.5	0.030160660510727633	0.11426238881803874	0.2614419008564998	-0.15974788254892214	-0.0041016754805028866	0.429099198234664
64	6	0.5	0.03090027435521825	0.09805095928898422	0.27564240995420564	-0.24528357377994614	0.006965483248271509	0.675749342482269
128	7	0.5	0.03926773273975659	0.14869393536756692	0.3717555874230327	-0.29781589057176105	0.0023760807228838665	0.7934236119904471
128	7	0.5	0.0484141606872559	0.1486281635255169	0.3676904847310657	-0.26627764200325266	-0.015470502784836526	0.7618979483008338
128	7	0.5	0.049712561844887704	0.16351063166915525	0.32607273116966795	-0.285278334564782	-0.009863016990985352	0.8222962470143091
128	7	0.5	0.0386196023378409	0.14633109828656976	0.39491417746600316	-0.39606177132001374	-0.009210201680145413	1.1413017797421903
128	7	0.5	0.042694361392300095	0.15680605414429083	0.43864043084300647	-0.2115503237645565	-0.0036154532439566234	0.6912758297172992
128	7	0.5	0.03827136703802747	0.1585382074206414	0.37979050062598146	-0.21486736116249627	0.013156963605905014	0.6291796638805127
128	7	0.5	0.04690991257270172	0.14576833820284874	0.43535634017331476	-0.2583504912426493	0.005658179914898476	0.7061069865178757
128	7	0.5	0.04281146239470823	0.15380102654445538	0.6462095389832859	-0.3457831017978099	-0.005050646849453111	1.1617008736074639
128	7	0.5	0.033699747546788617	0.15488886247323252	0.40988123200638116	-0.2584917029283832	0.014395851272637206	0.8401762520506357
128	7	0.5	0.044540604891735835	0.14399574623153177	0.40561128245571815	-0.23675963765417174	0.0009585096077520117	0.6765515292194534
