2	1	0.2	0.0028046492852957794	0.0028674139234130536	0	-0.002616658054927612	0.002866771333830176	0.005247045834599209
2	1	0.2	0.0038821149168573044	0.004031173185922388	0	0.0028008444495266627	0.004146794244243246	0
2	1	0.2	0.0009555491603085997	0.0009998255926162436	0	0.0005936299835067604	0.0010016316000274195	0
2	1	0.2	0.00047782185391187504	0.0005439639894406767	0	-0.0006212809915596695	-0.0005452595461760135	0.0012433344431788456
2	1	0.2	0.0011571823452130037	0.0012747865711748574	0	0.0003125631061771106	0.0013660774551667032	0
2	1	0.2	0.0029092437631581536	0.0029385545117817102	0	-0.008220195436984157	-0.0033026989369051574	0.0165766542112795
2	1	0.2	0.0018080546859340352	0.0019147819500857644	0	-0.0022186210978070164	0.0017742192759762077	0.0044471086446807315
2	1	0.2	0.001893281188493079	0.0021134621808240883	0	-0.006247877001651858	-0.0021477752205357747	0.012574316787970939
2	1	0.2	0.0025132592329706327	0.002788939777701227	0	-0.0024367926339460277	0.002512513907080516	0.004885490194410242
2	1	0.2	0.002062839645434522	0.0021563532242203642	0	-0.008905512418643458	-0.0024729645343875006	0.0179710663922226
4	2	0.2	0.0010228277405444075	0.005765844306904189	0.006601838124525591	-0.011480558733766744	-0.004820199746538023	0.02953372083470442
4	2	0.2	0.000867397869081632	0.00646209653808838	0.009188752947282603	-0.0074074860811831345	-0.003801496603026977	0.01978389336800835
4	2	0.2	0.002644821982270784	0.004398469451789566	0.008557669579484638	-0.013535390935986213	-0.0024504675543011167	0.02344555082530353
4	2	0.2	0.002225182929362246	0.00949556898091597	0.011157995392827628	-0.007005773065194676	-0.00009954714201909631	0.028452807946372546
4	2	0.2	0.001147473724141257	0.003253729482674217	0.005039806461027821	-0.0021936039616424763	0.0009265853877316044	0.007654057826927989
4	2	0.2	0.0010744323157982905	0.004100289110623878	0.005713396648168587	0.0020612913994229043	0.007082076407215698	0.003066095542479443
4	2	0.2	0.0025949192123231324	0.006343690810795	0.00012564834883483123	-0.0056658002387582895	-0.0005547713142990407	0.017676360364968564
4	2	0.2	0.005421268461025752	0.0072408558656520405	0.0028824160214472095	-0.013543942220089589	-0.0031025876291496113	0.024282356836423605
4	2	0.2	0.0010707311135185194	0.009347872811633184	0.002600963189035901	-0.011905941592570635	-0.004514681575507051	0.022153946939861946
4	2	0.2	0.0008692128406129207	0.0036763656835914205	0.01250142882366789	-0.002485128017740146	0.0011794885473930261	0.014329656877310392
8	3	0.2	0.0029344935175379394	0.010189509114025608	0.027382124201094572	-0.011209497797657453	0.0002630383845918516	0.031083139406172126
8	3	0.2	0.001605070637669792	0.010167537385536107	0.02064126051293851	-0.017869951814398544	-0.004051220956167834	0.03697990519121055
8	3	0.2	0.004629068991849783	0.008642380666399996	0.01844258745155411	-0.02001850457874499	-0.0013853672141215245	0.034943851980198525
8	3	0.2	0.0029900808801233136	0.008479334425116836	0.017619586036236097	-0.0022487064539504775	0.007542914072955487	0.015317442078605017
8	3	0.2	0.0039096482143994304	0.009021346721313828	0.01814071689732756	-0.013696342194131739	0.0030942458267457784	0.026512627313355148
8	3	0.2	0.0015374550584237312	0.007238710929508896	0.018210934678112946	-0.004788868070451091	0.0039634230573804	0.0189872290116568
8	3	0.2	0.005251111557602384	0.011487484923639046	0.008273470658429758	-0.014631358803856132	0.0022848758328328778	0.031530614383212176
8	3	0.2	0.005770834980829642	0.011013570019441143	0.017997420513165927	-0.014964403662683146	0.0008357293358658424	0.03990490148097936
8	3	0.2	0.0031064767872008847	0.010055015589262473	0.011505932707911145	-0.012770859373912202	0.0023998146205341797	0.024006117896804832
8	3	0.2	0.0027333497391297534	0.009028500745325019	0.01581756767817513	-0.008689995156579977	0.004273201696646689	0.031809784257922996
16	4	0.2	0.004791287333450356	0.01732179456230276	0.03347304419881351	-0.028582745638273233	-0.010858237096113221	0.06205180290465187
16	4	0.2	0.003974703544342484	0.022041607883882985	0.036642098136395754	-0.017891133797095615	0.0004556597741220969	0.0518677816119699
16	4	0.2	0.0042924022465073985	0.012931591392646213	0.03668426370926217	-0.04145010305473251	-0.0011797812386236117	0.07172880518252461
16	4	0.2	0.005218874597259449	0.016233130845236587	0.03426357407065903	-0.024966061857036093	-0.0003130543182738865	0.06866463778268062
16	4	0.2	0.007609595856451712	0.017148907095795307	0.026601763415251445	-0.022651579077763495	0.0060778487334745	0.0477518036912475
16	4	0.2	0.00837193680279169	0.016552351737831428	0.03877991212923711	-0.030110600246242014	-0.004224431032827214	0.07063013783199867
16	4	0.2	0.006977927811933737	0.02000035020560631	0.02548390164391927	-0.030279391399573696	-0.0050947145540434224	0.05552698658129861
16	4	0.2	0.004141134649917166	0.015437342276991561	0.03579822338138519	-0.022668143316590617	0.00612553504083202	0.044889630523705586
16	4	0.2	0.0071718046552535775	0.019155314012132107	0.02987747155569361	-0.0467998234384287	-0.0038254577601167794	0.07559758538334661
16	4	0.2	0.008049167647679711	0.02057161784369521	0.02714381629758494	-0.046180762234094286	-0.00423745109375695	0.07304639013525745
32	5	0.2	0.006218813971941017	0.027436508518821956	0.05100565965125242	-0.06072030454365285	-0.004804058705955683	0.11987599217968961
32	5	0.2	0.009937849508367291	0.027450199330042002	0.0628370215272184	-0.05223772492371537	0.004071595223559266	0.12426194452807225
32	5	0.2	0.008963374006176084	0.028407549337504667	0.06343193892850887	-0.022931973757501778	0.001682294552172392	0.10841859999701434
32	5	0.2	0.006637149272056719	0.02806726080387434	0.0847590585059466	-0.0471624758151179	-0.0033855647864682314	0.10436846110535122
32	5	0.2	0.009050150292782444	0.024024035819558476	0.06269742908733567	-0.040486735879279534	-0.002309038121130369	0.09113697970079057
32	5	0.2	0.01306458168802993	0.027962437293671094	0.06583058477522709	-0.047414376671841674	0.00027913361400377923	0.12987034554309015
32	5	0.2	0.008085411795069053	0.025989408724107266	0.06102014465925076	-0.024642335952303918	0.007492673512794257	0.0991601461718704
32	5	0.2	0.011138660491572416	0.025768018115931213	0.05688251635430791	-0.04988609327022864	-0.0009180694617094698	0.11604967977244356
32	5	0.2	0.010985012038859043	0.02807959032012075	0.06668983425896235	-0.06006727334327844	-0.005673733995728014	0.10975627181105664
32	5	0.2	0.008154076780731323	0.026782544333895597	0.07296403514285071	-0.02306959746952142	0.006811121161341749	0.07700993678455202
64	6	0.2	0.014868656210537123	0.040588254714167826	0.09789697675435445	-0.10425366639926925	0.0011023280233362076	0.19544410598335157
64	6	0.2	0.011558472717233093	0.040744019120806385	0.0965321000213514	-0.07094210071816198	-0.000036569312351075745	0.18612478829352264
64	6	0.2	0.015708450871891433	0.04670071423943489	0.09303791378718916	-0.097545987559439	-0.004949249670802014	0.18120467143493477
64	6	0.2	0.014303853413576428	0.041956755424005676	0.11201633893775739	-0.10600059960624508	-0.002361141719577131	0.17590496109740583
64	6	0.2	0.013739534977930568	0.03968151127675168	0.13436437874144622	-0.10813586627149396	0.004638543327906808	0.23622248789324557
64	6	0.2	0.008212685420987409	0.03788966106819447	0.0962937485947527	-0.10675116742112334	0.004598485226113169	0.20632400678490032
64	6	0.2	0.007245853198818875	0.04364754886922895	0.11950293760063861	-0.09586948009228313	0.0014201797566013585	0.19189341833716236
64	6	0.2	0.013854237229919297	0.04308156983394951	0.10664899959197127	-0.12400842563221492	-0.0009704495347843123	0.2428986512013038
64	6	0.2	0.014773630192892018	0.04346598532005075	0.11698611322215044	-0.06325978828275558	0.0030179341654941183	0.15935905239073775
64	6	0.2	0.00501846371651582	0.040695971415667165	0.09536120470062012	-0.05431033518284434	0.002827565343981986	0.1426936231578279
128	7	0.2	0.015872352874407802	0.06125991608059178	0.1602499261647143	-0.11294655549026911	-0.001598051320877647	0.2687844758388655
128	7	0.2	0.011228267947739123	0.06035332199350085	0.1456359276860851	-0.11295526263539968	-0.00634645653907695	0.28762346630277075
128	7	0.2	0.014989249736445887	0.060122949451304475	0.1606978997715008	-0.09175067464952646	0.004469169853269284	0.2168867031429961
128	7	0.2	0.009710295160659577	0.0591524961586527	0.1549541590876549	-0.1285219866980063	-0.0016033826111927496	0.26703513521569894
128	7	0.2	0.009334066983705647	0.059215475993506406	0.1317912879861473	-0.13923892881508015	-0.003868470629074916	0.31199141292037397
128	7	0.2	0.010565061874163284	0.05827007776010751	0.17438809370994618	-0.14093064285790435	0.0027896232160331547	0.26843391258046306
128	7	0.2	0.015076111653206326	0.0623883892453827	0.16020514313012296	-0.09780009469579931	-0.003157521916895223	0.23272112713284168
128	7	0.2	0.010407464344008188	0.06065904660563182	0.16777045505802096	-0.12153277397872653	0.002429559712181506	0.25109562591789353
128	7	0.2	0.011682328938115383	0.06007630011276799	0.16441168978564474	-0.14300686641162774	0.004147572952934331	0.31060419935741385
128	7	0.2	0.016568495693346286	0.05976247333401208	0.14699585102411278	-0.12422846304421797	-0.006682963721404089	0.2505243675141826
